D =  [-0.3561328868709848, 0.1033529329451981, -0.0003164000040999268, -0.0008101407846692977, 0.0]
K =  [437.41295244430756, 0.0, 323.8199711610768, 0.0, 436.9383095177688, 249.3574041448629, 0.0, 0.0, 1.0]
R =  [1.0, 0.0, 0.0, 0.0, 1.0, 0.0, 0.0, 0.0, 1.0]
P =  [331.81097412109375, 0.0, 324.25216152475696, 0.0, 0.0, 381.620849609375, 251.66450746096962, 0.0, 0.0, 0.0, 1.0, 0.0]
None
# oST version 5.0 parameters


[image]

width
640

height
480

[narrow_stereo]

camera matrix
437.412952 0.000000 323.819971
0.000000 436.938310 249.357404
0.000000 0.000000 1.000000

distortion
-0.356133 0.103353 -0.000316 -0.000810 0.000000

rectification
1.000000 0.000000 0.000000
0.000000 1.000000 0.000000
0.000000 0.000000 1.000000

projection
331.810974 0.000000 324.252162 0.000000
0.000000 381.620850 251.664507 0.000000
0.000000 0.000000 1.000000 0.000000

