Left:
D =  [-0.0623147423805838, -0.000792436174206833, 0.0022890182697994674, -0.0027839354297980495, 0.0]
K =  [443.0059475942619, 0.0, 299.2329693537299, 0.0, 442.7866008963349, 242.68981543593887, 0.0, 0.0, 1.0]
R =  [0.9997353879395254, 0.002264085188715771, -0.022891658298702152, -0.0022624811900564157, 0.9999974359811888, 9.596829042086967e-05, 0.02289181688444459, -4.4150949743746324e-05, 0.9997379470493368]
P =  [439.5319242626797, 0.0, 302.1131134033203, 0.0, 0.0, 439.5319242626797, 246.62326431274414, 0.0, 0.0, 0.0, 1.0, 0.0]

Right:
D =  [-0.055877468933373656, -0.0293019953866623, 0.002132009370826779, -0.0037502897559478776, 0.0]
K =  [438.66937404189116, 0.0, 295.27574183431193, 0.0, 439.2721385752174, 244.88050385924413, 0.0, 0.0, 1.0]
R =  [0.9998306883956867, 2.0167712467808802e-05, -0.018400927570925825, -2.1457014278094594e-05, 0.9999999973289044, -6.986978986200709e-05, 0.01840092611266136, 7.025278906145446e-05, 0.9998306861577824]
P =  [439.5319242626797, 0.0, 302.1131134033203, -26.19988991778876, 0.0, 439.5319242626797, 246.62326431274414, 0.0, 0.0, 0.0, 1.0, 0.0]
self.T = [-0.059598524080673225, -1.2021694383860713e-06, 0.001096853835024783]
self.R = [0.9999874003142709, 0.0022414324752222468, -0.004491680438880736, -0.002240710594210449, 0.9999974758697918, 0.00016574099689493793, 0.0044920405985473715, -0.0001556743526652426, 0.9999898986173594]
None
# oST version 5.0 parameters


[image]

width
640

height
480

[narrow_stereo/left]

camera matrix
443.005948 0.000000 299.232969
0.000000 442.786601 242.689815
0.000000 0.000000 1.000000

distortion
-0.062315 -0.000792 0.002289 -0.002784 0.000000

rectification
0.999735 0.002264 -0.022892
-0.002262 0.999997 0.000096
0.022892 -0.000044 0.999738

projection
439.531924 0.000000 302.113113 0.000000
0.000000 439.531924 246.623264 0.000000
0.000000 0.000000 1.000000 0.000000

# oST version 5.0 parameters


[image]

width
640

height
480

[narrow_stereo/right]

camera matrix
438.669374 0.000000 295.275742
0.000000 439.272139 244.880504
0.000000 0.000000 1.000000

distortion
-0.055877 -0.029302 0.002132 -0.003750 0.000000

rectification
0.999831 0.000020 -0.018401
-0.000021 1.000000 -0.000070
0.018401 0.000070 0.999831

projection
439.531924 0.000000 302.113113 -26.199890
0.000000 439.531924 246.623264 0.000000
0.000000 0.000000 1.000000 0.000000

